20780.308229 -63066755.230160
23443.042580 -63055298.766105
32118.586877 -63048476.109300
50286.638279 -63048428.351661
75122.405582 -63046806.272752
99363.897226 -63046274.387862
123789.880511 -63046067.218021
148832.922629 -63045950.962908
173578.527792 -63045869.559693
197963.630583 -63045808.886608
221698.528719 -63045750.463626
245609.270248 -63045731.107696
269495.298915 -63045729.623950
292630.342259 -63045728.263631
315887.929065 -63045726.964320
338891.941393 -63045722.916657
362156.848502 -63045716.284915
386213.199406 -63045691.716125
410380.204060 -63045691.129428
433968.698986 -63045690.984824
480318.476178 -63044944.167201
524103.112763 -63044712.712902
565858.672936 -63044478.701135
607800.276013 -63044436.904868
649588.229345 -63044430.223903
690229.573651 -63044426.376035
731015.877979 -63044409.050422
771083.971362 -63044408.023200
811425.192207 -63044405.350814
852024.863309 -63044401.979472
892787.720240 -63044387.361917
933677.322855 -63044358.931153
975168.422985 -63044296.040291
1015481.536298 -63044294.103572
1056309.706336 -63044292.632516
1096847.580185 -63044292.544707
1137023.793385 -63044291.724014
1177113.513359 -63044291.723220
1247290.264007 -63044149.664477
1290727.869198 -63044123.044294
1332282.372250 -63044119.449991
1373632.825062 -63044118.974320
1414082.711210 -63044118.871648
1454473.190846 -63044118.870879
1524014.654992 -63044109.076286
1567989.235774 -63044105.486376
1609494.031300 -63044103.684228
1650971.089469 -63044073.213226
1691562.696046 -63044071.850490
1732042.593234 -63044071.847479
1801256.876747 -63044070.283144
1844951.118743 -63044017.155000
1887101.216606 -63044017.154306
1957979.973405 -63044017.153897
2042459.092456 -63044017.153646
2091783.179228 -63044017.153646
