27610.434496 -63065451.540256
30342.970905 -63052812.857794
39172.689200 -63050075.733865
55503.903036 -63049367.026909
75944.310214 -63049284.869193
99833.101568 -63049243.265802
101552.958550 -63049208.758324
149094.508647 -63046971.352073
192426.021192 -63046582.321872
238696.409757 -63046393.983888
279866.911504 -63046201.056672
322274.649747 -63046050.873575
364670.605673 -63045941.137027
410030.859326 -63045816.462497
447523.547667 -63045522.989740
491452.466429 -63045396.984521
528743.202723 -63045231.749252
571750.866356 -63045136.322916
618987.348580 -63045095.691632
662739.686490 -63045094.933633
707424.864020 -63045092.815323
750810.888190 -63045089.085045
794654.679542 -63045087.347221
839150.291245 -63045086.886404
883197.447309 -63045086.838207
930267.463684 -63044390.895851
974244.009631 -63044310.015457
1016906.461045 -63044274.167773
1058252.480000 -63044272.331740
1100017.802893 -63044271.343479
1141406.225275 -63044268.231208
1182653.534601 -63044267.865841
1224314.150484 -63044267.656131
1265837.900610 -63044267.430420
1307647.464246 -63044264.440450
1349100.492471 -63044264.357819
1390435.275432 -63044264.357699
1463254.878334 -63044251.302327
1507563.937092 -63044251.302205
1585473.581087 -63044223.193849
1629423.003162 -63044215.346551
1671582.742266 -63044215.346191
1746329.443253 -63044208.236862
1790530.411039 -63044208.144337
1833728.734389 -63044208.016805
1876494.564932 -63044207.280983
1918833.672631 -63044200.957672
1961401.665567 -63044197.221533
2003642.815514 -63044195.677641
2045318.351713 -63044195.677483
2118983.928385 -63044194.433938
2163305.175524 -63044193.719407
2206046.587285 -63044192.348945
