17665.371293 -63068951.784205
20068.162053 -63055050.050861
27410.478754 -63050677.529668
41649.212353 -63049151.521470
59120.234689 -63049073.875216
79648.022339 -63048751.185553
81122.360703 -63048705.620434
121781.233117 -63046833.826484
158570.858375 -63046603.639817
197511.874932 -63046438.682337
235125.186713 -63046326.614877
273792.382437 -63046259.100411
312207.455015 -63046218.206729
350972.860244 -63046211.287303
390202.192969 -63046199.385925
429061.613153 -63046197.065556
467984.063923 -63046196.809929
507619.628694 -63046184.559548
547039.283960 -63046184.097996
585535.469436 -63046183.963665
623666.715312 -63046183.948612
662035.129625 -63045170.314729
700264.993881 -63044976.851471
735448.788759 -63044937.793948
769983.204782 -63044920.695473
804564.535170 -63044916.806012
838942.994667 -63044911.654734
873125.349014 -63044905.159216
907369.668955 -63044903.654835
941201.906771 -63044903.380250
974820.662891 -63044903.232224
1008387.557884 -63044900.764898
1042083.129660 -63044900.763889
1100917.847725 -63044773.734327
1137391.343387 -63044753.086726
1172028.803834 -63044749.880962
1206066.027120 -63044730.104949
1239680.181983 -63044728.511801
1273183.809151 -63044728.511384
1332018.398373 -63044719.395477
1368751.820933 -63044702.895047
1403860.903953 -63044700.042172
1437866.216900 -63044700.042070
1496702.999457 -63044700.042010
1565516.502875 -63044700.041974
1606430.911190 -63044645.821981
1644795.518906 -63044156.941997
1681159.540018 -63044085.783246
1715883.621281 -63044083.504060
1749895.144992 -63044083.503457
1807803.309864 -63044083.503181
1877747.604741 -63044083.503037
1920018.487031 -63044083.503037
