23314.971525 -63067842.137701
26072.121301 -63052861.798711
35000.800128 -63050106.216369
54450.570535 -63050049.659937
79343.764534 -63048523.860247
103217.919075 -63047875.588984
125242.142894 -63047450.007062
148508.964195 -63047261.654195
168911.182058 -63047098.968387
191906.899686 -63046970.474738
215515.501376 -63046862.641160
239793.694178 -63046784.248440
263995.477639 -63046744.867465
287766.480564 -63046727.985398
311268.881709 -63046719.950593
335225.774485 -63046714.984725
359000.492829 -63046713.581040
382424.539181 -63046713.127380
405731.491186 -63046712.703661
429437.685412 -63046711.297238
452912.718353 -63046708.315026
476507.915102 -63046706.181230
499823.612965 -63046705.866177
522957.281052 -63046705.826372
569487.702881 -63046010.654762
615275.921504 -63045879.921127
658148.747442 -63045841.933233
700863.478615 -63045821.209751
742755.151371 -63045808.250896
784014.202843 -63045790.445783
825512.152139 -63045783.925631
867033.218458 -63045779.445883
908723.014695 -63045778.448685
950767.947854 -63045777.497218
992170.633564 -63045777.497136
1063355.466312 -63045647.231492
1108512.169359 -63045438.472573
1151817.500676 -63045375.503394
1193739.503976 -63045367.177069
1236753.539006 -63045363.453869
1278377.065260 -63045362.743065
1319975.972266 -63045353.064779
1361941.303221 -63045352.978577
1403497.192203 -63045352.978450
1474624.463565 -63045332.172265
1519542.651091 -63045332.139923
1562271.802530 -63045332.139782
1635061.317014 -63045317.246693
1679883.166091 -63045289.335960
1722509.908603 -63045288.240158
1764084.903826 -63045288.232388
1837979.885061 -63045287.132437
1882863.038578 -63045287.132372
1961748.056722 -63045286.455762
2007153.700024 -63045286.389107
2050001.519480 -63045286.389003
2124954.317489 -63045286.388921
2210320.397068 -63045010.148155
2257397.052392 -63044956.913439
